Enter k:
1
k = 1


*************Unsorted Array :***************

658 445 116 976 458 415 273 802 434 


**************Sorted array:****************

116 273 415 434 445 458 658 802 976 

Runtime :0.001702ms

##########################################################################

Enter k:
2
k = 2


*************Unsorted Array :***************

601 636 307 430 762 579 201 435 300 731 33 241 103 286 980 629 138 259 430 715 635 872 709 932 699 399 589 370 60 682 831 13 318 490 795 433 69 349 868 721 80 253 314 183 539 646 164 30 905 595 97 541 467 806 825 518 205 415 241 617 449 72 631 768 914 426 553 983 127 773 56 207 27 370 743 918 16 259 948 273 854 46 166 674 852 992 192 58 759 433 27 208 857 658 328 771 437 233 106 


**************Sorted array:****************

13 16 27 27 30 33 46 56 58 60 69 72 80 97 103 106 127 138 164 166 183 192 201 205 207 208 233 241 241 253 259 259 273 286 300 307 314 318 328 349 370 370 399 415 426 430 430 433 433 435 437 449 467 490 518 539 541 553 579 589 595 601 617 629 631 635 636 646 658 674 682 699 709 715 721 731 743 759 762 768 771 773 795 806 825 831 852 854 857 868 872 905 914 918 932 948 980 983 992 

Runtime :0.021255ms

###########################################################################

Enter k:
3
k = 3


*************Unsorted Array :***************

545 266 909 148 30 143 602 464 831 520 396 610 288 123 893 328 585 599 905 121 711 483 638 987 747 802 587 769 477 156 496 374 422 406 874 804 901 476 620 84 348 16 694 636 491 939 316 77 890 221 550 601 56 188 941 803 991 528 924 820 684 773 546 459 531 420 615 432 249 236 868 597 604 915 586 96 206 254 525 97 828 75 50 884 616 343 40 959 872 316 779 908 89 325 367 620 97 335 404 346 923 273 944 527 540 882 975 746 136 500 195 316 928 598 553 544 941 593 503 165 261 634 74 351 311 793 323 408 128 728 107 403 353 51 283 245 285 258 991 773 111 539 90 39 489 643 935 430 588 790 596 849 424 22 552 87 815 876 847 296 604 954 699 309 357 982 554 642 593 897 416 56 788 858 447 277 853 382 708 441 172 656 642 948 678 195 387 845 423 234 141 379 189 841 688 546 175 594 189 120 491 957 176 280 167 623 557 20 357 617 813 881 625 807 181 655 2 568 501 425 803 642 804 344 835 844 890 363 438 431 483 282 740 660 914 907 635 823 279 993 793 444 874 418 252 408 426 606 976 927 384 779 569 540 123 757 385 366 120 175 797 603 809 890 615 723 797 603 899 429 596 692 873 822 462 477 230 888 84 559 815 468 690 737 8 166 846 745 532 966 273 681 921 434 571 889 158 721 492 409 150 440 453 375 614 915 853 845 156 937 756 323 757 446 412 117 612 258 863 144 224 488 178 498 922 749 387 432 470 879 841 972 319 294 348 933 562 201 130 718 138 886 41 895 333 806 12 297 64 227 442 641 715 620 139 990 721 526 422 192 757 616 516 428 262 864 361 176 65 844 246 203 82 640 450 767 446 815 65 510 42 859 151 110 831 290 452 552 168 226 96 277 194 613 705 457 477 419 985 543 263 232 98 697 872 901 465 318 716 530 828 110 741 332 572 572 974 24 124 495 251 221 772 445 834 478 254 663 897 240 558 512 472 9 561 344 910 26 14 626 908 194 88 649 526 661 221 501 685 698 996 288 919 120 734 105 598 340 768 847 580 679 711 404 688 273 100 598 651 114 576 560 309 664 561 187 325 135 40 363 833 36 651 104 509 737 209 107 78 329 307 10 8 18 415 696 643 515 646 295 630 222 207 291 239 120 478 916 255 871 279 440 907 283 544 416 372 753 876 802 435 183 813 443 553 228 492 549 95 138 196 77 713 403 368 952 875 199 868 483 70 500 923 329 135 468 98 859 573 326 662 8 861 475 804 766 55 296 315 150 786 511 228 851 266 948 803 142 499 24 625 921 876 900 251 363 368 701 222 294 379 884 302 240 711 458 6 766 106 674 269 893 185 497 96 452 797 900 946 297 276 923 218 504 823 821 867 544 874 441 838 253 678 492 493 389 951 852 508 57 526 777 302 711 626 751 515 423 651 461 72 279 384 291 135 560 464 2 104 339 795 942 592 473 786 438 215 737 642 723 147 168 852 801 231 478 552 99 253 555 912 326 186 297 969 321 857 433 675 313 772 471 607 365 296 393 155 511 483 797 586 630 965 438 783 548 268 688 647 522 595 560 200 782 209 169 455 418 602 131 731 727 954 338 444 602 83 599 114 566 396 700 548 713 491 332 613 759 372 261 633 967 173 833 101 734 354 557 504 309 40 235 36 346 925 480 948 8 431 62 575 179 115 475 892 606 807 505 717 531 118 703 499 643 536 600 729 243 509 233 904 901 468 292 247 745 124 196 106 555 610 33 734 77 508 978 35 668 483 105 199 954 808 50 949 696 3 679 939 512 912 843 414 733 487 13 830 611 561 936 166 524 321 252 953 830 230 989 850 66 94 49 372 902 100 321 598 103 0 890 967 265 85 733 998 573 747 828 184 660 117 703 184 438 955 138 620 538 479 470 604 925 872 976 827 972 297 777 427 650 667 394 915 105 480 265 678 227 93 214 239 210 917 776 1 225 914 621 763 745 92 719 670 964 695 849 288 344 626 715 994 646 461 261 751 941 526 429 520 972 995 760 182 265 536 183 490 802 157 605 547 249 324 569 565 371 418 853 715 44 920 62 690 733 323 793 675 202 574 195 174 570 307 708 835 195 892 677 997 401 282 896 650 958 465 567 329 235 772 44 280 692 458 322 425 782 468 452 336 42 0 510 612 307 218 799 855 462 476 852 863 110 101 865 420 918 432 101 154 204 146 786 248 956 460 26 90 928 478 426 971 478 288 935 138 507 735 993 321 563 197 537 26 650 402 446 569 187 548 


**************Sorted array:****************

0 0 1 2 2 3 6 8 8 8 8 9 10 12 13 14 16 18 20 22 24 24 26 26 26 30 33 35 36 36 39 40 40 40 41 42 42 44 44 49 50 50 51 55 56 56 57 62 62 64 65 65 66 70 72 74 75 77 77 77 78 82 83 84 84 85 87 88 89 90 90 92 93 94 95 96 96 96 97 97 98 98 99 100 100 101 101 101 103 104 104 105 105 105 106 106 107 107 110 110 110 111 114 114 115 117 117 118 120 120 120 120 121 123 123 124 124 128 130 131 135 135 135 136 138 138 138 138 139 141 142 143 144 146 147 148 150 150 151 154 155 156 156 157 158 165 166 166 167 168 168 169 172 173 174 175 175 176 176 178 179 181 182 183 183 184 184 185 186 187 187 188 189 189 192 194 194 195 195 195 195 196 196 197 199 199 200 201 202 203 204 206 207 209 209 210 214 215 218 218 221 221 221 222 222 224 225 226 227 227 228 228 230 230 231 232 233 234 235 235 236 239 239 240 240 243 245 246 247 248 249 249 251 251 252 252 253 253 254 254 255 258 258 261 261 261 262 263 265 265 265 266 266 268 269 273 273 273 276 277 277 279 279 279 280 280 282 282 283 283 285 288 288 288 288 290 291 291 292 294 294 295 296 296 296 297 297 297 297 302 302 307 307 307 309 309 309 311 313 315 316 316 316 318 319 321 321 321 321 322 323 323 323 324 325 325 326 326 328 329 329 329 332 332 333 335 336 338 339 340 343 344 344 344 346 346 348 348 351 353 354 357 357 361 363 363 363 365 366 367 368 368 371 372 372 372 374 375 379 379 382 384 384 385 387 387 389 393 394 396 396 401 402 403 403 404 404 406 408 408 409 412 414 415 416 416 418 418 418 419 420 420 422 422 423 423 424 425 425 426 426 427 428 429 429 430 431 431 432 432 432 433 434 435 438 438 438 438 440 440 441 441 442 443 444 444 445 446 446 446 447 450 452 452 452 453 455 457 458 458 459 460 461 461 462 462 464 464 465 465 468 468 468 468 470 470 471 472 473 475 475 476 476 477 477 477 478 478 478 478 478 479 480 480 483 483 483 483 483 487 488 489 490 491 491 491 492 492 492 493 495 496 497 498 499 499 500 500 501 501 503 504 504 505 507 508 508 509 509 510 510 511 511 512 512 515 515 516 520 520 522 524 525 526 526 526 526 527 528 530 531 531 532 536 536 537 538 539 540 540 543 544 544 544 545 546 546 547 548 548 548 549 550 552 552 552 553 553 554 555 555 557 557 558 559 560 560 560 561 561 561 562 563 565 566 567 568 569 569 569 570 571 572 572 573 573 574 575 576 580 585 586 586 587 588 592 593 593 594 595 596 596 597 598 598 598 598 599 599 600 601 602 602 602 603 603 604 604 604 605 606 606 607 610 610 611 612 612 613 613 614 615 615 616 616 617 620 620 620 620 621 623 625 625 626 626 626 630 630 633 634 635 636 638 640 641 642 642 642 642 643 643 643 646 646 647 649 650 650 650 651 651 651 655 656 660 660 661 662 663 664 667 668 670 674 675 675 677 678 678 678 679 679 681 684 685 688 688 688 690 690 692 692 694 695 696 696 697 698 699 700 701 703 703 705 708 708 711 711 711 711 713 713 715 715 715 716 717 718 719 721 721 723 723 727 728 729 731 733 733 733 734 734 734 735 737 737 737 740 741 745 745 745 746 747 747 749 751 751 753 756 757 757 757 759 760 763 766 766 767 768 769 772 772 772 773 773 776 777 777 779 779 782 782 783 786 786 786 788 790 793 793 793 795 797 797 797 797 799 801 802 802 802 803 803 803 804 804 804 806 807 807 808 809 813 813 815 815 815 820 821 822 823 823 827 828 828 828 830 830 831 831 833 833 834 835 835 838 841 841 843 844 844 845 845 846 847 847 849 849 850 851 852 852 852 853 853 853 855 857 858 859 859 861 863 863 864 865 867 868 868 871 872 872 872 873 874 874 874 875 876 876 876 879 881 882 884 884 886 888 889 890 890 890 890 892 892 893 893 895 896 897 897 899 900 900 901 901 901 902 904 905 907 907 908 908 909 910 912 912 914 914 915 915 915 916 917 918 919 920 921 921 922 923 923 923 924 925 925 927 928 928 933 935 935 936 937 939 939 941 941 941 942 944 946 948 948 948 949 951 952 953 954 954 954 955 956 957 958 959 964 965 966 967 967 969 971 972 972 972 974 975 976 976 978 982 985 987 989 990 991 991 993 993 994 995 996 997 998 

Runtime :0.19971ms

